"inches"
4.8109
4.8139
4.8096
4.8128
4.8131
4.8161
4.8142
4.8116
4.8152
4.8112
4.8138
4.8092
4.817
4.8069
4.8112
4.8113
4.809
4.8122
4.8091
4.8048
4.8114
4.8145
4.8111
4.8069
4.8146
4.8071
4.8136
4.8116
4.8136
4.8137
4.8151
4.813
4.8155
4.8047
4.8162
4.8095
4.8126
4.8152
4.8061
4.8136
4.8137
4.8147
4.8039
4.8104
4.8081
4.8134
4.814
4.8095
4.811
4.8068
4.808
4.811
4.814
4.8071
4.8146
4.8083
4.8126
4.816
4.8161
4.8105
4.8111
4.8071
4.8098
4.8124
4.8135
4.8134
4.8096
4.8125
4.8118
4.8117
4.8173
4.8177
4.816
4.8117
4.8056
4.8084
4.8131
4.8075
4.8125
4.8118
4.8185
4.8159
4.8102
4.8101
4.8059
4.8136
4.812
4.8167
4.8145
4.8174
4.8166
4.8119
4.8107
4.8095
4.813
4.8092
4.8104
4.8168
4.8137
4.8091
4.8129
4.8099
4.8195
4.8161
4.8146
4.8112
4.8123
4.8044
4.8104
4.8179
4.81
4.8118
4.8115
4.8176
4.8147
4.8093
4.8098
4.8091
4.8099
4.8154
4.8097
4.8093
4.8049
4.8101
4.8135
4.8093
4.8094
4.811
4.8178
4.8076
4.8093
4.8129
4.8115
4.8064
4.8153
4.8056
4.8182
4.8186
4.8172
4.8107
4.8088
4.8108
4.8071
4.8128
4.8143
4.811
4.8136
4.8104
4.8112
4.8104
4.8098
4.8129
4.8094
4.8146
4.8106
4.8021
4.8136
4.8195
4.8111
4.8129
4.8121
4.8134
4.8067
4.8064
4.8088
4.8147
4.8093
4.8075
4.812
4.8055
4.8136
4.8105
4.8145
4.8154
4.8133
4.8163
4.8119
4.8119
4.8164
4.8087
4.8152
4.8087
4.8124
4.8139
4.8139
4.8089
4.8113
4.8113
4.8113
4.818
4.8127
4.8138
4.8171
4.8133
4.8089
4.8119
4.8095
4.8189
4.8101
4.8119
4.8114
4.8072
4.8135
4.8092
4.8162
4.8151
4.8116
4.813
4.8127
4.8115
4.8174
4.8044
4.8141
4.8122
4.8165
4.8145
4.8132
4.8117
4.8136
4.8165
4.8164
4.8129
4.8116
4.8148
4.8102
4.8106
4.8163
4.8123
4.8141
4.8102
4.8147
4.8148
4.8096
4.8161
4.8141
4.8104
4.8133
4.8101
4.8157
4.8113
4.8141
4.8101
4.8047
4.8129
4.8118
4.8097
4.8069
4.8121
4.8139
4.8092
4.8112
4.8108
4.8149
4.8108
4.8079
4.8084
4.8117
4.8149
4.8084
4.8115
4.811
4.8072
4.8175
4.81
4.8197
4.8148
4.8127
4.8119
4.8131
4.8081
4.8147
4.8119
4.8088
4.8134
4.808
4.8127
4.8128
4.8083
4.8117
4.8065
4.8079
4.8045
4.8132
4.8152
4.8158
4.8069
4.811
4.815
4.8075
4.8109
4.8107
4.8169
4.8111
4.8134
4.8138
4.8142
4.8108
4.8146
4.8109
4.8112
4.8079
4.8112
4.8161
4.8127
4.8118
4.8086
4.814
4.8076
4.8157
4.8105
4.8128
4.8102
4.806
4.8138
4.8175
4.8034
4.8115
4.8194
4.8108
4.8154
4.8134
4.8102
4.8083
4.8122
4.8085
4.8097
4.8123
4.8121
4.8064
4.8137
4.8112
4.8105
4.8166
4.8104
4.8073
4.8178
4.8139
4.8155
4.8132
4.8083
4.8119
4.8075
4.8089
4.8139
4.8154
4.8111
4.815
4.8096
4.8102
4.8184
4.8108
4.8129
4.8081
4.8157
4.8127
4.8049
4.8163
4.8162
4.8147
4.8071
4.8105
4.8105
4.8167
4.8082
4.8108
4.8146
4.819
4.8183
4.8077
4.8009
4.8082
4.8122
4.8114
4.8132
4.8159
4.8144
4.8136
4.8063
4.8096
4.8137
4.8128
4.8097
4.8116
4.8138
4.8211
4.8139
4.8157
4.8094
4.8148
4.8094
4.8131
4.8166
4.8111
4.8129
4.816
4.8085
4.8096
4.8053
4.8095
4.8107
4.8109
4.8047
4.8055
4.8135
4.8125
4.8091
4.8072
4.8121
4.8175
4.8093
4.8101
4.8111
4.8097
4.8163
4.8182
4.8118
4.8142
4.8087
4.8056
4.8088
4.8087
4.8091
4.8139
4.8176
4.8097
4.8119
4.8116
4.8163
4.8096
4.8079
4.8083
4.8145
4.8133
4.8129
4.8146
4.8085
4.8172
4.8095
4.8123
4.8128
4.8138
4.811
4.8108
4.8125
4.8112
4.815
4.8176
4.8104
4.8078
4.8129
4.8093
4.8106
4.806
4.8129
4.8063
4.8116
4.8131
4.8053
4.8104
4.8124
4.8081
4.8106
4.812
4.8144
4.8069
4.808
4.8109
4.8071
4.8049
4.8138
4.8147
4.8064
4.816
4.8193
4.8114
4.8111
4.8148
4.8104
4.8086
4.8103
4.8153
4.8156
4.8181
4.8157
4.8107
4.8138
4.8083
4.8115
4.8085
4.8164
4.8117
4.8092
4.8085
4.809
4.8087
4.8081
4.8115
4.8089
4.8129
4.8059
4.8075
4.8097
4.811
4.81
4.8119
4.8129
4.8139
4.8101
4.8132
4.8112
4.8159
4.8127
4.8119
4.8126
4.8124
4.8144
4.8087
4.8103
4.8097
4.8116
4.8098
4.8132
4.8119
4.8163
4.8175
4.8109
4.8154
4.8146
4.8198
4.8068
4.8159
4.8102
4.8168
4.8088
4.8113
4.809
4.8128
4.8163
4.8086
4.814
4.8145
4.8058
4.8128
4.808
4.8168
4.8182
4.813
4.8087
4.8142
4.8091
4.8084
4.8126
4.8142
4.8119
4.812
4.811
4.818
4.8069
4.8128
4.8102
4.8046
4.814
4.8183
4.8122
4.8152
4.8115
4.8114
4.8083
4.8163
4.8159
4.8096
4.8181
4.813
4.8117
4.8139
4.8095
4.813
4.8131
4.8091
4.8136
4.8101
4.8069
4.8112
4.8131
4.8126
4.81
4.8112
4.8155
4.8145
4.8083
4.8116
4.8144
4.8061
4.8126
4.8093
4.8124
4.8084
4.8126
4.8179
4.8161
4.8106
4.8082
4.8106
4.809
4.8097
4.8032
4.8126
4.8163
4.8129
4.8177
4.812
4.8131
4.8126
4.8095
4.8075
4.8157
4.8092
4.809
4.817
4.8086
4.813
4.8131
4.8173
4.8092
4.8122
4.8103
4.8073
4.8087
4.8089
4.8091
4.8113
4.8115
4.8117
4.8098
4.8136
4.816
4.8075
4.8125
4.8114
4.8119
4.8112
4.8157
4.8058
4.8112
4.814
4.8107
4.8112
4.8088
4.8099
4.8122
4.8097
4.8083
4.8066
4.8134
4.8132
4.8059
4.8113
4.8071
4.8126
4.8136
4.809
4.8152
4.8121
4.8132
4.8165
4.8106
4.8109
4.8144
4.815
4.813
4.8121
4.8114
4.8176
4.8169
4.8083
4.8124
4.8124
4.8118
4.8109
4.8137
4.8138
4.8087
4.8147
4.8131
4.8131
4.8111
4.8124
4.8066
4.8138
4.815
4.8118
4.8126
4.8134
4.8101
4.8089
4.8079
4.8099
4.8126
4.8125
4.8146
4.8121
4.8125
4.8112
4.8094
4.8129
4.8135
4.8175
4.8172
4.8094
4.8129
4.8091
4.8163
4.8142
4.8143
4.8091
4.8128
4.8118
4.8152
4.8107
4.8129
4.8105
4.8079
4.8111
4.8103
4.8149
4.8101
4.8107
4.8079
4.8023
4.8111
4.8178
4.8117
4.8076
4.8135
4.8191
4.807
4.8188
4.8071
4.8115
4.8103
4.8155
4.8102
4.8124
4.8128
4.8126
4.8133
4.8101
4.8099
4.8089
4.8079
4.8104
4.8124
4.8177
4.8119
4.811
4.8075
4.8162
4.8111
4.8103
4.8079
4.8078
4.8169
4.8096
4.8155
4.8147
4.8138
4.8116
4.8153
4.8068
4.8072
4.8135
4.8136
4.811
4.8075
4.8086
4.8102
4.8161
4.8157
4.8092
4.8113
4.8143
4.8011
4.8073
4.8065
4.8185
4.807
4.8139
4.8122
4.8111
4.8067
4.8098
4.8106
4.8118
4.8113
4.8114
4.811
4.8112
4.8075
4.8138
4.8135
4.8069
4.8131
4.8131
4.8133
4.8112
4.8152
4.8145
4.8118
4.8195
4.8154
4.8102
4.81
4.8173
4.8093
4.8125
4.8119
4.8111
4.8159
4.8139
4.8118
4.8156
4.8129
4.8129
4.8118
4.8127
4.8135
4.8094
4.8132
4.8098
4.8137
4.8146
4.8092
4.81
4.8147
4.8115
4.8057
4.8053
4.8202
4.8104
4.8139
4.8135
4.8077
4.8104
4.8088
4.8093
4.8126
4.8134
4.8059
4.8141
4.8119
4.8098
4.813
4.8112
4.8091
4.8134
4.8099
4.8047
4.8146
4.806
4.813
4.8108
4.8146
4.8084
4.814
4.8166
4.8137
4.8097
4.8116
4.8145
4.8199
4.813
4.813
4.8169
4.8083
4.8061
4.8111
4.8099
4.8109
4.8038
4.8077
4.8194
4.8109
4.8118
4.817
4.816
4.814
4.8134
4.8127
4.8143
4.8072
4.8155
4.81
4.8172
4.8143
4.8149
4.8136
4.8174
4.8111
4.8136
4.8085
4.8122
4.8117
4.8104
4.8171
4.8177
4.8087
4.8109
4.8155
4.8116
4.8113
4.8142
4.8158
4.8104
4.8178
4.8145
4.8104
4.8113
4.8152
4.8156
4.8057
4.808
4.8062
4.8114
4.8094
4.816
4.817
4.8178
4.8056
4.8123
4.8065
4.814
4.8165
4.8129
4.8114
4.8133
4.8092
4.8115
4.8186
4.8087
4.8164
4.807
4.8115
4.8109
4.8144
4.8102
4.8164
4.8109
4.8065
4.8076
4.8195
4.8125
4.8146
4.8196
4.8109
4.8128
4.815
4.8061
4.8088
4.8173
4.8109
4.816
4.8075
4.8142
4.8128
4.8196
4.8187
4.8151
4.8149
4.8119
4.8144
4.8074
4.8056
4.8174
4.81
4.8084
4.8156
4.8134
4.8169
4.8101
4.8145
4.8123
4.812
4.8084
4.8097
4.8068
4.8231
4.8066
4.808
4.8122
4.8094
4.8156
4.8133
4.8146
4.8117
4.8129
4.8111
4.8166
4.8081
4.8121
4.8091
4.8138
4.8047
4.8117
4.8156
4.8117
4.8111
4.8147
4.8162
4.8088
4.8071
4.8118
4.8157
4.8111
4.8154
4.8086
4.8092
4.804
4.8175
4.8086
4.8084
4.8099
4.8146
4.8104
4.8111
4.8144
4.8098
4.8145
4.811
4.8149
4.808
4.8094
4.8158
4.8186
4.8089
4.8171
4.8199
4.8068
4.809
4.8111
4.8171
4.812
4.8103
4.8158
4.8073
4.8118
4.8131
4.8167
4.8117
4.8108
4.8119
4.8139
4.8163
4.8146
4.8104
4.8058
4.8121
4.8128
4.807
4.8111
4.8104
4.816
4.814
4.8148
4.817
4.8155
4.805
4.8133
4.8095
4.8131
4.8184
4.8101
4.8127
4.8145
4.8128
4.8107
4.8129
4.8096
4.8082
4.8073
4.8152
4.8124
4.8096
4.8128
4.8124
4.8177
4.8141
4.8203
4.814
4.8179
4.8105
4.8076
4.806
4.817
4.818
4.8128
4.8095
4.8134
4.8141
4.8101
4.8082
4.8094
4.814
4.8092
4.8092
4.8083
4.8098
4.8159
4.8113
4.8107
4.8114
4.8137
4.8085
4.8139
4.8126
4.8117
4.8125
4.8141
4.8082
4.8136
4.8122
4.8126
4.8092
4.8121
4.8154
4.8069
4.8093
4.8074
4.808
4.8097
4.8116
4.8099
4.8131
4.8103
4.8127
4.8096
4.8072
4.8188
4.8154
4.8098
4.8053
4.8135
4.8157
4.8152
4.8119
4.8116
4.8095
4.8063
4.8107
4.8133
4.8109
4.8095
4.8121
4.8175
4.8133
4.8134
4.8094
4.8097
4.8086
4.8053
4.807
4.8147
4.8111
4.8119
4.8171
4.8153
4.8062
4.8169
4.8104
4.8084
4.8227
4.8044
4.8125
4.8144
4.8084
4.813
4.8061
4.8133
4.8167
4.811
4.8111
4.8106
4.8141
4.8144
4.8106
4.8045
4.8169
4.8157
4.8125
4.81
4.8038
4.8072
4.8153
4.8058
4.8128
4.8147
4.8142
4.8185
4.81
4.8114
4.8138
4.8161
4.8102
4.812
4.8098
4.8126
4.8137
4.8114
4.8135
4.81
4.8048
4.8066
4.8183
4.8166
4.806
4.8149
4.8144
4.8108
4.8092
4.8082
4.8139
4.8039
4.8147
4.8092
4.8156
4.8176
4.8095
4.8146
4.8125
4.8074
4.8106
4.8083
4.8118
4.8164
4.8118
4.8118
4.8133
4.8158
4.807
4.8102
4.8042
4.8148
4.8083
4.8098
4.8175
4.8069
4.8091
4.8108
4.8101
4.8111
4.8126
4.8144
4.8145
4.803
4.8117
4.8107
4.8084
4.8105
4.8146
4.8151
4.8123
4.8083
4.8111
4.8123
4.8115
4.8101
4.814
4.8199
4.8092
4.8216
4.8105
4.8103
4.8099
4.8145
4.8039
4.812
4.8093
4.8182
4.8129
4.809
4.8107
4.8122
4.8092
4.8102
4.8143
4.8159
4.8163
4.8175
4.8129
4.8174
4.8033
4.823
4.8116
4.8187
4.8153
4.8144
4.8159
4.8162
4.8143
4.8152
4.8049
4.8157
4.8059
4.813
4.8166
4.8161
4.8101
4.8144
4.8123
4.8127
4.8126
4.8113
4.8165
4.8128
4.815
4.8124
4.8093
4.815
4.8053
4.8131
4.8137
4.8183
4.8148
4.8119
4.8082
4.8107
4.8092
4.8201
4.8033
4.8132
4.8192
4.8143
4.8111
4.8099
4.8074
4.8144
4.8108
4.8111
4.8217
4.8101
4.8111
4.8027
4.8117
4.8141
4.8086
4.8169
4.8158
4.8065
4.808
4.8154
4.8118
4.815
4.8104
4.8067
4.8131
4.8066
4.8135
4.8173
4.8131
4.8133
4.814
4.8088
4.8156
4.8194
4.8074
4.8131
4.8152
4.8175
4.8121
4.8163
4.8046
4.8162
4.8143
4.8118
4.8111
4.8144
4.8163
4.8084
4.8108
4.8115
4.8131
4.8151
4.8082
4.8176
4.8134
4.8115
4.816
4.8155
4.8117
4.8167
4.812
4.8091
4.8153
4.8127
4.8074
4.8157
4.8119
4.8156
4.8061
4.8118
4.8088
4.8088
4.819
4.816
4.805
4.814
4.8065
4.8105
4.8145
4.8115
4.8125
4.8175
4.8165
4.8102
4.8129
4.815
4.8088
4.8093
4.8068
4.8156
4.8141
4.8102
4.8128
4.8106
4.8157
4.8124
4.8124
4.8117
4.8162
4.8107
4.8146
4.8141
4.8167
4.8066
4.8156
4.8107
4.81
4.8137
4.8077
4.8129
4.8127
4.8075
4.8118
4.8096
4.8126
4.8092
4.8098
4.8121
4.8062
4.8138
4.81
4.8152
4.8054
4.8095
4.8123
4.8168
4.8108
4.8141
4.8146
4.8142
4.8136
4.8173
4.8197
4.8146
4.8157
4.8128
4.8115
4.8132
4.8189
4.8122
4.814
4.8045
4.8189
4.8145
4.8152
4.8104
4.8153
4.8083
4.8142
4.8117
4.8169
4.8143
4.8125
4.8103
4.8071
4.8111
4.8128
4.8151
4.8178
4.8082
4.8122
4.8067
4.8194
4.8027
4.8107
4.8095
4.811
4.8109
4.8091
4.8124
4.8151
4.8122
4.814
4.8099
4.814
4.8126
4.8005
4.8038
4.805
4.8154
4.8128
4.8163
4.8094
4.8148
4.8175
4.8071
4.808
4.8065
4.8081
4.8179
4.805
4.8133
4.8047
4.8134
4.8079
4.812
4.8125
4.8162
4.8084
4.8117
4.8099
4.8112
4.8123
4.8033
4.8123
4.8176
4.8128
4.8149
4.8082
4.808
4.8048
4.8048
4.8144
4.8074
4.8136
4.8144
4.8079
4.8091
4.8076
4.8083
4.813
4.8118
4.8176
4.8145
4.8168
4.8098
4.8145
4.8095
4.8077
4.8133
4.8067
4.8105
4.8142
4.8111
4.8139
4.8064
4.8158
4.8148
4.8117
4.8081
4.8114
4.8115
4.8108
4.8064
4.8158
4.8137
4.8139
4.8083
4.8134
4.811
4.8104
4.812
4.8059
4.8079
4.8153
4.8094
4.8117
4.8125
4.8142
4.8091
4.8126
4.8107
4.8167
4.8108
4.8121
4.8059
4.8124
4.8058
4.8168
4.8157
4.816
4.8088
4.8081
4.8181
4.8102
4.8038
4.81
4.8124
4.8117
4.8149
4.8067
4.8086
4.8124
4.8177
4.8133
4.81
4.8124
4.8137
4.8103
4.815
4.8151
4.8168
4.8098
4.813
4.8071
4.8212
4.8084
4.8152
4.8111
4.8107
4.8095
4.8129
4.8152
4.81
4.8054
4.8116
4.8091
4.8131
4.8122
4.808
4.8078
4.8123
4.818
4.8172
4.8092
4.8079
4.8107
4.8092
4.8066
4.81
4.814
4.8054
4.813
4.812
4.8048
4.814
4.8088
4.8047
4.8158
4.8091
4.8196
4.8099
4.8096
4.816
4.8128
4.8123
4.8122
4.8134
4.8082
4.8109
4.8131
4.8127
4.8107
4.8119
4.8084
4.8126
4.8189
4.8117
4.8117
4.8129
4.814
4.8049
4.8067
4.8068
4.8143
4.816
4.8163
4.8132
4.8037
4.812
4.8079
4.8155
4.817
4.8124
4.8076
4.8094
4.8089
4.8168
4.8114
4.8147
4.8159
4.814
4.8105
4.8097
4.8123
4.8188
4.8087
4.8201
4.812
4.808
4.811
4.8115
4.815
4.8133
4.8111
4.8116
4.8126
4.8148
4.8189
4.8097
4.8135
4.814
4.8099
4.8169
4.8107
4.8131
4.8151
4.8164
4.8174
4.8136
4.8131
4.8039
4.8179
4.8158
4.8157
4.8126
4.8124
4.8127
4.8092
4.8165
4.8159
4.811
4.8107
4.8113
4.8169
4.8108
4.8116
4.809
4.8106
4.8159
4.8108
4.8123
4.8155
4.8078
4.8091
4.8163
4.814
4.8151
4.8207
4.8145
4.8113
4.8099
4.8117
4.8152
4.8139
4.8102
4.8134
4.8065
4.8112
4.8115
4.8154
4.8044
4.8136
4.811
4.8058
4.8109
4.8133
4.808
4.8158
4.8103
4.812
4.8094
4.809
4.8118
4.8083
4.8126
4.8141
4.8115
4.818
4.8134
4.8068
4.8094
4.8043
4.8149
4.8117
4.8111
4.8062
4.8095
4.8158
4.8128
4.8086
4.8077
4.8139
4.8089
4.8119
4.8101
4.8132
4.808
4.8149
4.8159
4.814
4.8185
4.8129
4.8034
4.813
4.8142
4.8114
4.815
4.8145
4.8127
4.8012
4.8118
4.8061
4.8136
4.8091
4.8102
4.815
4.8145
4.8067
4.8135
4.8135
4.812
4.8148
4.8057
4.8189
4.8119
4.8198
4.8065
4.8132
4.8073
4.8112
4.8189
4.8136
4.8107
4.8045
4.8099
4.8121
4.814
4.8154
4.8071
4.8101
4.8108
4.8115
4.8136
4.8104
4.8053
4.8129
4.8224
4.8077
4.8049
4.8072
4.8168
4.809
4.8077
4.8133
4.8131
4.8119
4.8153
4.8183
4.8155
4.818
4.8057
4.8082
4.8128
4.8058
4.8129
4.8095
4.8113
4.8215
4.8165
4.8085
4.8144
4.8082
4.8181
4.8144
4.811
4.8115
4.8078
4.8093
4.8082
4.8113
4.8153
4.8118
4.8146
4.8074
4.8123
4.8147
4.8137
4.8078
4.8109
4.8159
4.8139
4.8119
4.815
4.8156
4.8112
4.8144
4.8174
4.8122
4.8154
4.8108
4.8103
4.8071
4.8134
4.809
4.8091
4.8109
4.8083
4.8126
4.8127
4.8123
4.8061
4.8153
4.8115
4.8112
4.8045
4.8064
4.8139
4.8155
4.814
4.8161
4.8083
4.8091
4.8117
4.8058
4.8135
4.8048
4.8116
4.8106
4.8156
4.8124
4.8142
4.8107
4.8104
4.8081
4.8174
4.8106
4.8122
4.8087
4.8098
4.8124
4.8149
4.811
4.8179
4.8164
4.8137
4.8142
4.81
4.8108
4.8209
4.8118
4.8139
4.8134
4.8089
4.8133
4.8139
4.8124
4.8135
4.8084
4.8113
4.8129
4.8113
4.8148
4.8158
4.8131
4.8118
4.8185
4.8146
4.8152
4.8112
4.8091
4.8127
4.8114
4.8106
4.8087
4.813
4.8066
4.8094
4.811
4.811
4.8112
4.8078
4.8144
4.8107
4.8088
4.8141
4.8137
4.8166
4.8132
4.8144
4.8082
4.8161
4.8105
4.8119
4.8166
4.8137
4.8142
4.82
4.809
4.8102
4.8114
4.8123
4.8113
4.8071
4.8115
4.8145
4.8108
4.81
4.813
4.8131
4.8167
4.8091
4.8049
4.8099
4.8085
4.8112
4.8135
4.8125
4.8038
4.817
4.8156
4.8077
4.8127
4.8081
4.8161
4.8116
4.811
4.8096
4.8186
4.8052
4.8243
4.8126
4.8132
4.8158
4.8113
4.8139
4.8119
4.816
4.8117
4.817
4.8141
4.8088
4.8139
4.8131
4.8143
4.8115
4.8126
4.8107
4.8128
4.8084
4.8158
4.8132
4.8082
4.8198
4.8152
4.8151
4.811
4.8142
4.8126
4.8091
4.817
4.8135
4.8069
4.8178
4.8144
4.8127
4.8084
4.8151
4.8181
4.8111
4.8131
4.807
4.8185
4.8115
4.8126
4.8143
4.8073
4.8117
4.8096
4.8109
4.8107
4.8116
4.8113
4.8113
4.8122
4.8092
4.8114
4.8149
4.8202
4.8156
4.8099
4.8111
4.8117
4.8161
4.8063
4.8127
4.8155
4.8092
4.8144
4.8078
4.8092
4.8062
4.8168
4.8145
4.8129
4.819
4.8078
4.814
4.8149
4.8168
4.8123
4.813
4.8097
4.814
4.8107
4.8184
4.8138
4.8049
4.8148
4.8112
4.8128
4.8134
4.8144
4.8097
4.8149
4.8139
4.8161
4.8169
4.8062
4.8116
4.819
4.8063
4.8134
4.809
4.8138
4.8095
4.8144
4.8076
4.81
4.8105
4.8152
4.8072
4.8167
4.8105
4.8102
4.8065
4.8167
4.8107
4.8118
4.8153
4.8089
4.8174
4.8124
4.8111
4.8114
4.8111
4.8137
4.8141
4.8084
4.81
4.8081
4.8172
4.8142
4.8114
4.8121
4.8178
4.81
4.8136
4.8097
4.8112
4.8127
4.8059
4.8071
4.8111
4.814
4.8134
4.8127
4.8169
4.8173
4.8121
4.8099
4.8082
4.8216
4.8141
4.8185
4.8096
4.8091
4.818
4.8175
4.8114
4.8105
4.8078
4.8155
4.8114
4.8103
4.8128
4.8157
4.8146
4.8127
4.8108
4.8153
4.812
4.8084
4.8132
4.8119
4.8172
4.8113
4.8125
4.8082
4.8175
4.8156
4.8076
4.8124
4.8101
4.8099
4.8154
4.8093
4.8162
4.8037
4.8166
4.8139
4.8198
4.8055
4.8116
4.8086
4.8039
4.8097
4.8144
4.8136
4.814
4.8147
4.8168
4.8134
4.8141
4.8124
4.8156
4.818
4.8101
4.8087
4.8109
4.8114
4.8145
4.8079
4.8103
4.8133
4.814
4.8122
4.8129
4.8103
4.8126
4.8184
4.8141
4.8062
4.8158
4.812
4.811
4.8143
4.8109
4.8077
4.8041
4.8109
4.8118
4.8133
4.8154
4.8145
4.8148
4.8078
4.8057
4.8142
4.8176
4.8105
4.8149
4.8137
4.8131
4.8093
4.8141
4.8182
4.8163
4.8148
4.8187
4.8106
4.8115
4.8167
4.8165
4.8121
4.8142
4.8095
4.8115
4.8073
4.8133
4.81
4.8163
4.8021
4.8126
4.806
4.809
4.8166
4.8192
4.8097
4.8136
4.8128
4.8108
4.8107
4.809
4.8112
4.8141
4.8115
4.8108
4.8158
4.8084
4.8159
4.8125
4.8119
4.8119
4.8182
4.8144
4.8119
4.8123
4.8171
4.8068
4.8171
4.8096
4.8125
4.809
4.8089
4.813
4.8125
4.8131
4.8151
4.8098
4.8069
4.8119
4.8166
4.8075
4.816
4.8158
4.8103
4.81
4.8095
4.808
4.8121
4.8098
4.8179
4.8056
4.8158
4.815
4.811
4.8154
4.8111
4.8182
4.8154
4.8102
4.812
4.8083
4.8043
4.8131
4.813
4.8158
4.8131
4.8092
4.817
4.8108
4.8083
4.814
4.8089
4.8147
4.8166
4.8184
4.8172
4.8099
4.8138
4.8159
4.8099
4.8118
4.817
4.812
4.8127
4.8127
4.8125
4.8162
4.811
4.8127
4.8163
4.8072
4.8111
4.8115
4.8218
4.8164
4.8157
4.8118
4.8169
4.8095
4.8176
4.8155
4.8116
4.813
4.8079
4.8105
4.8117
4.8128
4.8145
4.8097
4.8108
4.8076
4.8125
4.8107
4.8076
4.8126
4.8127
4.8083
4.8142
4.8105
4.8151
4.8111
4.8108
4.8134
4.8169
4.813
4.8164
4.8151
4.8158
4.8057
4.8121
4.8186
4.8115
4.8067
4.8094
4.8164
4.8129
4.8109
4.8129
4.807
4.8076
4.8092
4.8105
4.8155
4.8128
4.8103
4.8112
4.817
4.8185
4.8082
4.8082
4.806
4.8092
4.8117
4.8149
4.8114
4.8097
4.8112
4.8068
4.8072
4.8161
4.8093
4.811
4.812
4.8156
4.8096
4.8109
4.8119
4.8143
4.8166
4.8128
4.8093
4.8132
4.8151
4.8089
4.8132
4.8161
4.8082
4.8112
4.813
4.8134
4.812
4.8129
4.8086
4.8165
4.8107
4.8151
4.8118
4.8158
4.814
4.8154
4.8078
4.8081
4.8145
4.8096
4.808
4.8101
4.8128
4.8141
4.8136
4.8133
4.8157
4.8142
4.811
4.8125
4.8061
4.8135
4.812
4.8163
4.8087
4.8146
4.8146
4.819
4.8094
4.8129
4.8159
4.8147
4.8137
4.8113
4.8087
4.8166
4.8067
4.811
4.8093
4.8135
4.8123
4.8164
4.8091
4.8135
4.8127
4.8083
4.8149
4.8137
4.814
4.8146
4.8109
4.8172
4.8193
4.8138
4.8117
4.8082
4.8117
4.8112
4.8116
4.811
4.814
4.8118
4.8152
4.8117
4.812
4.8149
4.8099
4.8105
4.808
4.8129
4.818
4.8139
4.8156
4.8105
4.8147
4.8111
4.8077
4.8128
4.8139
4.8112
4.8101
4.8168
4.8079
4.8144
4.8109
4.8181
4.8143
4.8119
4.8093
4.8101
4.8118
4.82
4.8152
4.8127
4.8122
4.8168
4.8122
4.8099
4.8128
4.8181
4.8052
4.816
4.8164
4.8158
4.813
4.8147
4.8116
4.8098
4.8147
4.8117
4.8061
4.814
4.8145
4.8138
4.8074
4.8091
4.8153
4.812
4.8166
4.8143
4.8144
4.8115
4.8067
4.8117
4.8146
4.8117
4.8142
4.8116
4.8197
4.8121
4.812
4.8093
4.8105
4.8074
4.8098
4.8222
4.8171
4.8108
4.816
4.8106
4.8104
4.8133
4.8181
4.8141
4.8065
4.8085
4.8104
4.8093
4.8146
4.8168
4.8106
4.8141
4.8035
4.8101
4.8142
4.8112
4.812
4.8067
4.8188
4.8063
4.8056
4.8181
4.8106
4.8072
4.8117
4.8101
4.8055
4.8127
4.8097
4.8102
4.807
4.8087
4.8172
4.8109
4.8107
4.8135
4.8117
4.8119
4.8131
4.8149
4.8158
4.8135
4.8117
4.8213
4.8005
4.8078
4.8089
4.8118
4.8084
4.8071
4.8106
4.8092
4.8077
4.8093
4.8112
4.8172
4.8119
4.8117
4.8137
4.8135
4.8144
4.8055
4.8149
4.8071
4.8118
4.8162
4.8121
4.8112
4.8094
4.8142
4.8095
4.8167
4.8084
4.81
4.8118
4.8112
4.8154
4.8074
4.8132
4.8083
4.8105
4.8138
4.8136
4.8093
4.8087
4.8119
4.8064
4.8107
4.8053
4.8178
4.8124
4.8122
4.8108
4.8113
4.8109
4.8093
4.8069
4.8114
4.8121
4.8128
4.8204
4.8153
4.8126
4.8038
4.8166
4.8071
4.814
4.8093
4.8163
4.8096
4.8104
4.8104
4.8057
4.8114
4.8129
4.8108
4.8138
4.8076
4.8123
4.8104
4.8153
4.8168
4.81
4.8118
4.8112
4.8127
4.8097
4.8128
4.8151
4.8131
4.8198
4.8115
4.8088
4.8046
4.8108
4.8098
4.8187
4.8172
4.8199
4.8084
4.8102
4.8144
4.8122
4.8132
4.8084
4.814
4.8105
4.8111
4.8136
4.8141
4.8129
4.8147
4.8156
4.8113
4.8176
4.8153
4.8095
4.8083
4.8108
4.8088
4.8123
4.8155
4.8173
4.814
4.8174
4.8069
4.8082
4.8117
4.816
4.8091
4.8161
4.8129
4.8123
4.8113
4.811
4.8135
4.8095
4.8142
4.8143
4.8152
4.8123
4.8116
4.8159
4.8138
4.8142
4.8136
4.8108
4.8116
4.8097
4.8132
4.8156
4.8146
4.8095
4.8132
4.8145
4.8126
4.8184
4.8132
4.8061
4.8176
4.8093
4.812
4.8097
4.8097
4.8114
4.8164
4.8145
4.8122
4.8094
4.8156
4.81
4.8171
4.8112
4.8125
4.8076
4.8189
4.8156
4.8106
4.8116
4.8122
4.8108
4.8105
4.8126
4.8182
4.8091
4.8124
4.8099
4.8114
4.8131
4.8107
4.8137
4.8186
4.813
4.8118
4.819
4.8042
4.8099
4.8119
4.8159
4.8055
4.8093
4.8079
4.815
4.8112
4.8135
4.8172
4.8094
4.8143
4.8113
4.813
4.808
4.813
4.8121
4.8112
4.8149
4.8109
4.8155
4.8175
4.8133
4.8196
4.8088
4.8111
4.8081
4.8151
4.8117
4.8117
4.8137
4.8137
4.8166
4.8116
4.8099
4.8125
4.816
4.8143
4.8084
4.8139
4.8082
4.8079
4.8157
4.8188
4.8137
4.8076
4.8115
4.8149
4.8061
4.8087
4.8137
4.8113
4.8117
4.8109
4.8093
4.8128
4.8103
4.8164
4.8134
4.8125
4.818
4.8112
4.8131
4.8077
4.8108
4.8127
4.8091
4.8078
4.8142
4.8145
4.8106
4.8115
4.8139
4.8074
4.8074
4.8141
4.8137
4.8061
4.8203
4.8157
4.8101
4.8041
4.8105
4.8143
4.8167
4.814
4.806
4.8082
4.8074
4.8105
4.8185
4.8123
4.8112
4.8114
4.8149
4.8106
4.8116
4.8104
4.8082
4.8124
4.8094
4.8078
4.8212
4.8111
4.813
4.8107
4.8099
4.81
4.8206
4.8092
4.8151
4.8095
4.8127
4.8169
4.8134
4.8105
4.8121
4.8104
4.809
4.8155
4.8094
4.8187
4.8129
4.8089
4.8079
4.8135
4.8099
4.8134
4.8082
4.818
4.8123
4.8075
4.8136
4.8101
4.8078
4.8091
4.8142
4.8129
4.813
4.8113
4.8145
4.8176
4.8116
4.8109
4.8081
4.8128
4.808
4.809
4.81
4.812
4.8105
4.8101
4.8081
4.8137
4.808
4.8086
4.8119
4.8074
4.8125
4.8088
4.8178
4.8125
4.8106
4.8118
4.8127
4.8025
4.8177
4.811
4.8168
4.8151
4.8181
4.8079
4.8159
4.8132
4.813
4.8091
4.8148
4.8126
4.8107
4.8118
4.8074
4.8125
4.814
4.8108
4.817
4.8119
4.8096
4.819
4.8079
4.8124
4.8127
4.8104
4.8091
4.8108
4.8122
4.8169
4.8146
4.815
4.8152
4.816
4.8133
4.8079
4.812
4.8129
4.813
4.8146
4.8124
4.8192
4.8103
4.8129
4.8085
4.8062
4.8094
4.81
4.8166
4.8117
4.8144
4.8164
4.8105
4.8178
4.8162
4.8198
4.8045
4.8095
4.8167
4.8132
4.8098
4.8151
4.8088
4.81
4.8122
4.8138
4.8213
4.8112
4.8118
4.8144
4.8123
4.8092
4.8188
4.8141
4.8119
4.8154
4.808
4.8133
4.8066
4.8135
4.8086
4.8149
4.8157
4.8175
4.8081
4.8125
4.8116
4.8119
4.8168
4.809
4.8074
4.8139
4.8132
4.8131
4.8105
4.8135
4.8079
4.8124
4.8096
4.8111
4.8089
4.8123
4.8123
4.8103
4.8076
4.8156
4.8131
4.8067
4.814
4.8064
4.8144
4.8126
4.8143
4.8099
4.8089
4.8139
4.811
4.816
4.812
4.8086
4.8066
4.8157
4.8131
4.8127
4.8087
4.8089
4.8108
4.8096
4.8121
4.815
4.814
4.8099
4.8127
4.8181
4.8142
4.8082
4.81
4.8117
4.8083
4.8151
4.8103
4.8147
4.8135
4.8102
4.8156
4.8202
4.8082
4.8135
4.8101
4.814
4.8093
4.8147
4.8137
4.815
4.8119
4.8102
4.8177
4.8157
4.8096
4.8056
4.8158
4.8137
4.8154
4.8141
4.8104
4.814
4.8102
4.8152
4.8155
4.815
4.814
4.8095
4.8106
4.813
4.8111
4.8186
4.8126
4.817
4.8066
4.8111
4.8077
4.8139
4.813
4.8116
4.8075
4.8125
4.8105
4.8213
4.8089
4.8128
4.8113
4.8095
4.8136
4.8157
4.8048
4.8095
4.8081
4.8125
4.8077
4.8149
4.8137
4.8161
4.8137
4.8112
4.8056
4.8132
4.8175
4.8124
4.8132
4.8175
4.8079
4.8104
4.8103
4.8141
4.8087
4.8209
4.8073
4.8099
4.8134
4.8145
4.8199
4.8159
4.8064
4.8112
4.8213
4.8094
4.8148
4.8117
4.8142
4.811
4.8121
4.8077
4.8136
4.8129
4.811
4.8129
4.8102
4.8119
4.8164
4.8113
4.8152
4.815
4.8113
4.8088
4.8165
4.8093
4.8126
4.8113
4.8071
4.8114
4.8104
4.8188
4.8133
4.8152
4.8112
4.8195
4.8065
4.807
4.8107
4.8098
4.8199
4.8119
4.8139
4.815
4.803
4.8107
4.8115
4.809
4.809
4.8112
4.8136
4.8067
4.809
4.8101
4.8107
4.811
4.8134
4.8111
4.8117
4.8151
4.8169
4.8187
4.8119
4.8132
4.821
4.8142
4.814
4.8129
4.8186
4.8111
4.8121
4.8111
4.8096
4.8158
4.8136
4.8057
4.8151
4.8133
4.8125
4.814
4.8068
4.8121
4.8115
4.8169
4.812
4.811
4.8126
4.8143
4.8097
4.8071
4.8078
4.8097
4.8121
4.8119
4.8181
4.8109
4.8132
4.8113
4.8167
4.8108
4.8144
4.8129
4.8109
4.8123
4.8148
4.8143
4.8102
4.811
4.8154
4.8084
4.8089
4.8055
4.8085
4.8086
4.8109
4.8122
4.8111
4.8106
4.8068
4.8134
4.8175
4.8075
4.8134
4.8095
4.81
4.8115
4.8103
4.8172
4.8091
4.8103
4.8121
4.8194
4.8111
4.8155
4.8111
4.8156
4.81
4.8158
4.8065
4.8137
4.8151
4.8108
4.8108
4.8114
4.8175
4.8135
4.8092
4.8101
4.8171
4.8135
4.816
4.8071
4.8122
4.8143
4.8063
4.8081
4.8121
4.8128
4.8133
4.811
4.8123
4.8055
4.8082
4.81
4.8108
4.8121
4.8102
4.8119
4.8053
4.8068
4.8175
4.8177
4.8103
4.8132
4.8058
4.8185
4.8114
4.8203
4.8118
4.8133
4.8176
4.8081
4.8203
4.814
4.8098
4.8167
4.8088
4.8095
4.8077
4.8149
4.8071
4.8164
4.8134
4.8185
4.8105
4.8054
4.8083
4.8088
4.8117
4.8086
4.8118
4.8096
4.8113
4.8092
4.8143
4.8104
4.8071
4.8087
4.8159
4.8117
4.8107
4.8086
4.8096
4.8069
4.8101
4.8074
4.8176
4.8116
4.813
4.811
4.8102
4.807
4.8123
4.8116
4.814
4.815
4.8102
4.8099
4.8084
4.8081
4.8101
4.8181
4.8124
4.8074
4.8183
4.8096
4.8167
4.8144
4.8141
4.8102
4.8141
4.811
4.8163
4.8141
4.8133
4.8161
4.8099
4.8067
4.8147
4.8138
4.8049
4.8161
4.8084
4.8113
4.8171
4.8153
4.8146
4.8157
4.8147
4.8095
4.8112
4.8107
4.805
4.8077
4.8109
4.8168
4.8165
4.8136
4.8135
4.8093
4.8101
4.8076
4.8153
4.8142
4.8113
4.8174
4.8104
4.8165
4.8139
4.8114
4.8045
4.8132
4.8113
4.8111
4.8135
4.8093
4.811
4.8065
4.8094
4.8131
4.8147
4.8136
4.8128
4.8157
4.8134
4.8152
4.8085
4.8073
4.8187
4.8145
4.8091
4.8076
4.813
4.8132
4.8101
4.8058
4.8089
4.8159
4.8124
4.8116
4.8162
4.8151
4.8165
4.813
4.8091
4.808
4.8048
4.8092
4.8112
4.81
4.8104
4.8121
4.8094
4.8116
4.8128
4.8112
4.8113
4.812
4.8106
4.8172
4.8135
4.8131
4.8079
4.8106
4.8157
4.8139
4.8149
4.806
4.8139
4.8089
4.8135
4.8131
4.8083
4.8074
4.8118
4.8072
4.8144
4.8141
4.8102
4.8136
4.8097
4.8158
4.8086
4.8111
4.8094
4.8144
4.8115
4.8135
4.8103
4.8059
4.815
4.8098
4.8143
4.82
4.8096
4.8068
4.8112
4.8098
4.8047
4.8147
4.806
4.8129
4.8149
4.8161
4.8146
4.8105
4.8159
4.8126
4.8087
4.811
4.8098
4.8145
4.8148
4.8151
4.8091
4.8095
4.8164
4.8045
4.8103
4.8185
4.8107
4.8135
4.8144
4.8172
4.8104
4.8101
4.8117
4.8129
4.8079
4.8154
4.8068
4.8031
4.8185
4.8137
4.816
4.8108
4.8134
4.8078
4.8127
4.8183
4.8132
4.8119
4.8129
4.8104
4.8153
4.8135
4.8064
4.8173
4.8109
4.8084
4.8105
4.8077
4.8102
4.8161
4.8175
4.8136
4.8098
4.812
4.8166
4.8113
4.811
4.8235
4.8127
4.8136
4.8117
4.8156
4.8101
4.804
4.8087
4.8178
4.8166
4.8049
4.8058
4.8133
4.807
4.8134
4.815
4.813
4.8095
4.816
4.8097
4.8121
4.8102
4.8186
4.8136
4.8105
4.8161
4.8111
4.8156
4.8107
4.8146
4.8147
4.8129
4.8123
4.8135
4.8188
4.81
4.8143
4.8107
4.8096
4.8114
4.8142
4.8113
4.8105
4.8142
4.8115
4.816
4.812
4.8103
4.8163
4.8118
4.8169
4.8156
4.816
4.8093
4.8087
4.8124
4.8169
4.8106
4.8073
4.8104
4.8123
4.8073
4.81
4.815
4.8118
4.8201
4.8104
4.8091
4.8051
4.8097
4.8096
4.8076
4.8081
4.8154
4.8105
4.8128
4.8103
4.8185
4.8071
4.8084
4.8135
4.8089
4.8081
4.8055
4.8166
4.8144
4.8073
4.8099
4.8059
4.8162
4.8097
4.8164
4.8126
4.8157
4.8116
4.8118
4.8154
4.8121
4.8131
4.8124
4.8117
4.812
4.8141
4.813
4.8126
4.8124
4.8029
4.8119
4.8089
4.8159
4.8094
4.8156
4.8119
4.8105
4.8129
4.8075
4.8133
4.8159
4.8131
4.8091
4.8126
4.8109
4.8073
4.8115
4.8153
4.8109
4.8079
4.8159
4.8167
4.8114
4.809
4.8124
4.8097
4.8054
4.8136
4.8113
4.8101
4.8084
4.8125
4.8177
4.817
4.813
4.8066
4.8183
4.8108
4.8113
4.8151
4.8161
4.8168
4.8066
4.813
4.8165
4.8179
4.8142
4.8092
4.8161
4.8136
4.8093
4.814
4.813
4.8067
4.8146
4.8107
4.8121
4.8167
4.8095
4.813
4.8144
4.8028
4.8138
4.811
4.8036
4.8129
4.8143
4.8075
4.8128
4.8042
4.8144
4.8067
4.812
4.8046
4.8146
4.8148
4.8086
4.8092
4.8082
4.8146
4.8143
4.8121
4.8165
4.8208
4.8128
4.8199
4.8115
4.8187
4.8103
4.813
4.8107
4.8013
4.8125
4.8121
4.8175
4.8084
4.8126
4.8132
4.8104
4.8107
4.808
4.8189
4.8089
4.8126
4.8135
4.806
4.8101
4.8145
4.8092
4.8168
4.8156
4.8081
4.8048
4.8095
4.8106
4.8123
4.8154
4.8141
4.8042
4.8132
4.8167
4.8108
4.8142
4.8208
4.8122
4.8157
4.8185
4.8143
4.8058
4.8172
4.8099
4.8113
4.8118
4.8194
4.8133
4.8033
4.8127
4.8134
4.8123
4.8142
4.8168
4.8078
4.8119
4.8107
4.8114
4.8099
4.8125
4.8115
4.8111
4.8036
4.8093
4.8055
4.8147
4.8111
4.8134
4.8101
4.8167
4.8087
4.8117
4.8109
4.8143
4.816
4.8084
4.8093
4.81
4.8066
4.8149
4.8097
4.8093
4.8109
4.8144
4.8077
4.8103
4.8116
4.8137
4.8098
4.812
4.8144
4.8098
4.8178
4.8176
4.805
4.8154
4.8096
4.8183
4.8091
4.8133
4.8177
4.8066
4.8147
4.816
4.8163
4.8087
4.8181
4.8116
4.8089
4.8113
4.8139
4.8146
4.8174
4.807
4.8163
4.8154
4.8118
4.812
4.8133
4.8123
4.8086
4.8103
4.8204
4.8088
4.8075
4.81
4.8126
4.8084
4.8094
4.8156
4.8073
4.8192
4.8081
4.8144
4.8091
4.817
4.8114
4.8114
4.8115
4.8116
4.8116
4.8153
4.817
4.8086
4.814
4.806
4.8168
4.8133
4.8153
4.8154
4.8124
4.8132
4.8169
4.817
4.8142
4.814
4.8092
4.814
4.8098
4.8097
4.8074
4.8149
4.8185
4.8146
4.8126
4.8182
4.8118
4.8132
4.8117
4.8113
4.8172
4.8151
4.8188
4.8116
4.8153
4.8155
4.8118
4.8066
4.8083
4.8151
4.8086
4.812
4.8128
4.8142
4.8093
4.8135
4.8043
4.812
4.816
4.81
4.8122
4.8097
4.814
4.8121
4.8186
4.8092
4.8121
4.8149
4.8067
4.81
4.8157
4.8198
4.8104
4.8103
4.8106
4.8093
4.8103
4.8146
4.807
4.8139
4.8004
4.8087
4.8109
4.8106
4.8122
4.8189
4.8099
4.8208
4.809
4.8145
4.8079
4.8123
4.8169
4.8051
4.8124
4.808
4.8173
4.8162
4.81
4.8087
4.8175
4.8163
4.8164
4.809
4.8158
4.8078
4.8128
4.8052
4.8093
4.8091
4.8156
4.8153
4.8135
4.8137
4.8071
4.8152
4.8106
4.8138
4.8167
4.8054
4.8093
4.8122
4.8144
4.8106
4.8103
4.8058
4.8113
4.8139
4.8122
4.8157
4.8146
4.8125
4.8181
4.8109
4.8118
4.8132
4.8057
4.8123
4.8159
4.8117
4.8129
4.8119
4.8153
4.8097
4.811
4.8113
4.8109
4.8119
4.8103
4.8162
4.8108
4.809
4.8065
4.8122
4.8146
4.8141
4.8154
4.8176
4.8104
4.8103
4.8091
4.8165
4.8068
4.8131
4.811
4.8102
4.8109
4.8105
4.8128
4.8125
4.8094
4.8117
4.8156
4.809
4.8117
4.816
4.8114
4.8138
4.8156
4.8139
4.8124
4.8174
4.8147
4.816
4.8055
4.8054
4.8097
4.8082
4.805
4.8105
4.8188
4.8136
4.8112
4.8166
4.8124
4.8167
4.8077
4.8089
4.8127
4.8037
4.8089
4.8129
4.813
4.8095
4.8103
4.8094
4.8147
4.8141
4.8113
4.8118
4.816
4.8146
4.8063
4.8098
4.8157
4.8049
4.8115
4.8174
4.8155
4.8156
4.8056
4.8117
4.8016
4.8087
4.8151
4.8137
4.81
4.8126
4.8144
4.8135
4.8164
4.8102
4.8112
4.8164
4.8109
4.8145
4.8169
4.8126
4.8147
4.8203
4.8113
4.812
4.8088
4.8146
4.8037
4.8113
4.8137
4.8019
4.8155
4.8111
4.8109
4.8134
4.8166
4.8124
4.8057
4.8099
4.8125
4.8131
4.8105
4.8163
4.8091
4.8118
4.8045
4.8161
4.8089
4.81
4.8103
4.8057
4.8135
4.808
4.8109
4.8134
4.8143
4.8126
4.8143
4.8165
4.8118
4.8124
4.8156
4.8098
4.8123
4.8147
4.8122
4.8117
4.8178
4.8059
4.8138
4.8022
4.8089
4.8128
4.8139
4.8116
4.8114
4.8093
4.8121
4.8115
4.8166
4.8087
4.8163
4.8064
4.8123
4.8133
4.8145
4.8076
4.8101
4.8129
4.815
4.8127
4.8053
4.8115
4.8061
4.8139
4.81
4.8127
4.8183
4.81
4.8154
4.809
4.8056
4.8126
4.8116
4.8112
4.8169
4.8061
4.8067
4.817
4.8179
4.8124
4.812
4.8066
4.8141
4.8124
4.8121
4.8109
4.8149
4.8118
4.8059
4.8062
4.8115
4.818
4.8161
4.8094
4.8167
4.8124
4.8156
4.8181
4.817
4.8092
4.8129
4.809
4.808
4.807
4.8066
4.8048
4.8095
4.8194
4.8071
4.8126
4.8169
4.8155
4.8101
4.8108
4.8138
4.8169
4.811
4.8123
4.8084
4.8079
4.8182
4.816
4.8071
4.8084
4.8141
4.8116
4.8104
4.8135
4.8131
4.8106
4.8095
4.8128
4.8128
4.8159
4.8119
4.8117
4.8128
4.8106
4.812
4.8126
4.815
4.8127
4.8163
4.8108
4.8064
4.8113
4.81
4.8161
4.8141
4.8104
4.8092
4.815
4.8121
4.816
4.8106
4.8117
4.8144
4.8083
4.8096
4.8112
4.812
4.8153
4.8075
4.8113
4.8151
4.814
4.8068
4.8094
4.8145
4.8072
4.8127
4.8129
4.8196
4.808
4.8184
4.8116
4.8165
4.8159
4.8101
4.8142
4.8136
4.8109
4.8121
4.8115
4.8117
4.807
4.8134
4.8132
4.809
4.8146
4.8084
4.8107
4.802
4.8116
4.8158
4.8075
4.8116
4.8074
4.8145
4.8124
4.8141
4.8145
4.811
4.8087
4.8111
4.8093
4.8146
4.8128
4.8155
4.8183
4.8127
4.8129
4.8169
4.8078
4.8131
4.8187
4.8131
4.8088
4.8236
4.8096
4.816
4.8138
4.8124
4.8095
4.8162
4.8119
4.8119
4.8097
4.8181
4.813
4.804
4.8126
4.8087
4.8111
4.8105
4.8049
4.8141
4.8133
4.8113
4.8118
4.8167
4.8126
4.8106
4.8156
4.817
4.8098
4.8076
4.8167
4.8156
4.8101
4.8088
4.8139
4.8068
4.8188
4.8099
4.8098
4.8129
4.818
4.8094
4.8133
4.8055
4.8119
4.8125
4.8098
4.8097
4.8149
4.8075
4.8062
4.8125
4.8141
4.8125
4.8116
4.8142
4.8144
4.8187
4.8117
4.8118
4.8098
4.8108
4.8165
4.8136
4.8106
4.8117
4.8078
4.8142
4.8194
4.8147
4.8114
4.8103
4.8133
4.8153
4.8121
4.8106
4.8149
4.8185
4.8101
4.8164
4.8152
4.8139
4.8095
4.8118
4.8175
4.8097
4.8098
4.8121
4.819
4.8074
4.8164
4.8125
4.8081
4.8148
4.8105
4.814
4.811
4.8156
4.811
4.8147
4.8156
4.8122
4.8088
4.8133
4.8121
4.8198
4.8186
4.8105
4.8123
4.8118
4.8125
4.8113
4.8141
4.8107
4.8168
4.8152
4.8103
4.811
4.8206
4.811
4.8057
4.8154
4.8071
4.8124
4.813
4.8167
4.8103
4.8127
4.8109
4.8151
4.8092
4.8166
4.8126
4.8161
4.8094
4.8118
4.8125
4.8119
4.8144
4.8115
4.8126
4.8156
4.8134
4.8139
4.8113
4.8077
4.816
4.8059
4.8105
4.8082
4.8125
4.8154
4.8118
4.8149
4.815
4.8119
4.8139
4.8148
4.8124
4.8114
4.812
4.8102
4.8156
4.811
4.8181
4.8076
4.8093
4.8114
4.8105
4.8096
4.816
4.8099
4.8142
4.8111
4.8146
4.8093
4.8123
4.8148
4.8104
4.8153
4.8125
4.811
4.8047
4.8159
4.8073
4.8144
4.8177
4.809
4.8082
4.8078
4.8164
4.8126
4.811
4.8122
4.8097
4.8131
4.808
4.8155
4.8085
4.8152
4.8103
4.8107
4.8075
4.8094
4.8118
4.8101
4.8083
4.8148
4.8155
4.8047
4.8161
4.8095
4.8129
4.8169
4.8168
4.8113
4.8111
4.8134
4.8077
4.8163
4.8151
4.8103
4.8127
4.8067
4.8154
4.807
4.8118
4.812
4.8028
4.8092
4.8133
4.8125
4.8124
4.8127
4.8091
4.8194
4.8166
4.8214
4.8151
4.8149
4.8134
4.8117
4.8145
4.8146
4.819
4.8163
4.8098
4.8142
4.8123
4.8134
4.8094
4.8225
4.812
4.8075
4.8113
4.8121
4.8039
4.8089
4.8063
4.8125
4.8111
4.8105
4.8127
4.8171
4.8096
4.8131
4.8216
4.8111
4.8084
4.8084
4.8136
4.81
4.8179
4.8089
4.8085
4.8071
4.8133
4.8143
4.8116
4.8083
4.8105
4.8089
4.8124
4.8117
4.8107
4.8187
4.811
4.8186
4.8079
4.8136
4.8111
4.815
4.8203
4.8125
4.8137
4.8119
4.8158
4.8148
4.8088
4.8047
4.8095
4.8159
4.813
4.8193
4.812
4.8082
4.8073
4.82
4.812
4.8091
4.8194
4.8071
4.8081
4.8133
4.817
4.8132
4.8201
4.8073
4.8135
4.8176
4.8121
4.8147
4.8065
4.8108
4.8127
4.8093
4.811
4.8066
4.8105
4.8109
4.817
4.8112
4.8106
4.8121
4.8144
4.8114
4.8111
4.8146
4.8114
4.8126
4.8108
4.8054
4.8125
4.8073
4.8089
4.8096
4.8096
4.8089
4.8074
4.8092
4.8155
4.8114
4.8103
4.818
4.8096
4.8094
4.8084
4.8126
4.8096
4.8086
4.8097
4.8103
4.814
4.8054
4.8115
4.8093
4.8137
4.8149
4.8109
4.8082
4.8131
4.8108
4.8101
4.8117
4.8067
4.8157
4.8105
4.8164
4.8121
4.8155
4.8118
4.8133
4.8102
4.8143
4.8169
4.8148
4.813
4.8147
4.8143
4.8118
4.8114
4.8116
4.8103
4.8126
4.8085
4.8062
4.8085
4.8122
4.8176
4.8116
4.8072
4.8108
4.8148
4.8111
4.8085
4.811
4.8153
4.8148
4.8198
4.809
4.8129
4.8142
4.8129
4.811
4.8173
4.8128
4.809
4.8112
4.8142
4.8136
4.8155
4.8107
4.8168
4.8092
4.8122
4.8086
4.8146
4.8146
4.8152
4.8119
4.8164
4.8054
4.8104
4.8152
4.8107
4.8115
4.8114
4.8184
4.8165
4.8138
4.8112
4.8106
4.8171
4.8079
4.8147
4.8089
4.8108
4.8107
4.8106
4.8116
4.8169
4.8154
4.8145
4.8098
4.8162
4.8117
4.8106
4.8149
4.8135
4.8092
4.8074
4.8187
4.8134
4.8098
4.8085
4.8101
4.8053
4.8114
4.8081
4.8051
4.8081
4.8158
4.8125
4.8112
4.8052
4.8131
4.8149
4.8108
4.8102
4.8087
4.8162
4.8118
4.8082
4.8006
4.8121
4.8095
4.8073
4.8128
4.8143
4.8085
4.8157
4.8109
4.8104
4.8093
4.8107
4.8133
4.8103
4.8202
4.8172
4.811
4.8131
4.8105
4.8101
4.8115
4.8068
4.8165
4.8089
4.8144
4.8119
4.8177
4.8152
4.8101
4.8069
4.8116
4.8152
4.8102
4.8098
4.818
4.8174
4.8191
4.8163
4.8125
4.8152
4.8105
4.8071
4.8055
4.8092
4.8138
4.8156
4.8056
4.8115
4.8103
